{
 "cells": [
  {
   "cell_type": "code",
   "execution_count": 77,
   "metadata": {},
   "outputs": [],
   "source": [
    "%matplotlib inline\n",
    "import numpy, scipy, matplotlib.pyplot as plt, IPython.display as ipd\n",
    "import sklearn, pandas\n",
    "import librosa, librosa.display\n",
    "import os, sys\n",
    "# import stanford_mir; stanford_mir.init()"
   ]
  },
  {
   "cell_type": "code",
   "execution_count": 115,
   "metadata": {},
   "outputs": [],
   "source": [
    "n_mfcc = 12\n",
    "# y = numpy.random.random((0,n_mfcc))\n",
    "mfcc_brahms = numpy.random.random((0,n_mfcc))\n",
    "sadPath = \"./SadSongs/\"\n",
    "dirs = os.listdir( sadPath )\n",
    "for filename_brahms in dirs:\n",
    "    x_brahms, sr_brahms = librosa.load(sadPath + \"/\" + filename_brahms, sr=22050) # , duration=344)\n",
    "    mfcc_brahms = numpy.concatenate((mfcc_brahms, librosa.feature.mfcc(x_brahms, sr=sr_brahms, n_mfcc=n_mfcc).T))\n",
    "    # y = numpy.concatenate((y,mfcc_brahms))\n",
    "\n",
    "# mfcc_brahms = y\n",
    "# mfcc_brahms.shape"
   ]
  },
  {
   "cell_type": "code",
   "execution_count": 79,
   "metadata": {},
   "outputs": [
    {
     "data": {
      "text/plain": [
       "(1135781, 12)"
      ]
     },
     "execution_count": 79,
     "metadata": {},
     "output_type": "execute_result"
    }
   ],
   "source": [
    "y = numpy.random.random((0,n_mfcc))\n",
    "happyPath = \"./HappySongs/\"\n",
    "dirs = os.listdir( happyPath )\n",
    "for filename_busta in dirs:\n",
    "    x_busta, sr_busta = librosa.load(happyPath + \"/\" + filename_busta, sr=22050) # , duration=344)\n",
    "    mfcc_busta = librosa.feature.mfcc(x_busta, sr=sr_busta, n_mfcc=n_mfcc).T\n",
    "    y = numpy.concatenate((y,mfcc_busta))\n",
    "\n",
    "mfcc_busta = y\n",
    "mfcc_busta.shape"
   ]
  },
  {
   "cell_type": "code",
   "execution_count": 80,
   "metadata": {},
   "outputs": [],
   "source": [
    "scaler = sklearn.preprocessing.StandardScaler()"
   ]
  },
  {
   "cell_type": "code",
   "execution_count": 81,
   "metadata": {},
   "outputs": [],
   "source": [
    "mfcc_brahms_scaled = scaler.fit_transform(mfcc_brahms)"
   ]
  },
  {
   "cell_type": "code",
   "execution_count": 82,
   "metadata": {},
   "outputs": [
    {
     "data": {
      "text/plain": [
       "array([ 8.36937361e-14, -6.69613815e-14,  4.00333595e-14,  5.37745948e-14,\n",
       "        1.07784466e-14, -1.44951637e-14,  3.76889289e-14, -8.17350534e-15,\n",
       "        8.73891031e-16,  2.25737858e-14, -2.53303945e-14, -6.93349435e-15])"
      ]
     },
     "execution_count": 82,
     "metadata": {},
     "output_type": "execute_result"
    }
   ],
   "source": [
    "mfcc_brahms_scaled.mean(axis=0)"
   ]
  },
  {
   "cell_type": "code",
   "execution_count": 83,
   "metadata": {},
   "outputs": [
    {
     "data": {
      "text/plain": [
       "array([1., 1., 1., 1., 1., 1., 1., 1., 1., 1., 1., 1.])"
      ]
     },
     "execution_count": 83,
     "metadata": {},
     "output_type": "execute_result"
    }
   ],
   "source": [
    "mfcc_brahms_scaled.std(axis=0)"
   ]
  },
  {
   "cell_type": "code",
   "execution_count": 84,
   "metadata": {},
   "outputs": [
    {
     "name": "stdout",
     "output_type": "stream",
     "text": [
      "(1260042, 12)\n",
      "(1135781, 12)\n"
     ]
    }
   ],
   "source": [
    "print(mfcc_brahms.shape)\n",
    "print(mfcc_busta.shape)"
   ]
  },
  {
   "cell_type": "code",
   "execution_count": 85,
   "metadata": {},
   "outputs": [],
   "source": [
    "mfcc_busta_scaled = scaler.transform(mfcc_busta)"
   ]
  },
  {
   "cell_type": "code",
   "execution_count": 86,
   "metadata": {},
   "outputs": [
    {
     "data": {
      "text/plain": [
       "array([ 0.19639526, -0.17778388, -0.74179287,  0.10915658, -0.38670913,\n",
       "        0.10816222, -0.1641457 ,  0.09315163,  0.08028539, -0.10687462,\n",
       "       -0.03109249, -0.03035151])"
      ]
     },
     "execution_count": 86,
     "metadata": {},
     "output_type": "execute_result"
    }
   ],
   "source": [
    "mfcc_busta_scaled.mean(axis=0)"
   ]
  },
  {
   "cell_type": "code",
   "execution_count": 87,
   "metadata": {},
   "outputs": [
    {
     "data": {
      "text/plain": [
       "array([0.93299119, 0.95170412, 1.2072042 , 1.12669832, 1.20751396,\n",
       "       1.1029239 , 1.01305601, 1.04208513, 1.01578494, 1.04234707,\n",
       "       1.00375822, 1.08297361])"
      ]
     },
     "execution_count": 87,
     "metadata": {},
     "output_type": "execute_result"
    }
   ],
   "source": [
    "mfcc_busta_scaled.std(axis=0)"
   ]
  },
  {
   "cell_type": "code",
   "execution_count": 88,
   "metadata": {},
   "outputs": [],
   "source": [
    "features = numpy.vstack((mfcc_brahms_scaled, mfcc_busta_scaled))"
   ]
  },
  {
   "cell_type": "code",
   "execution_count": 89,
   "metadata": {},
   "outputs": [
    {
     "data": {
      "text/plain": [
       "(2395823, 12)"
      ]
     },
     "execution_count": 89,
     "metadata": {},
     "output_type": "execute_result"
    }
   ],
   "source": [
    "features.shape"
   ]
  },
  {
   "cell_type": "code",
   "execution_count": 90,
   "metadata": {},
   "outputs": [],
   "source": [
    "labels = numpy.concatenate((numpy.zeros(len(mfcc_brahms_scaled)), numpy.ones(len(mfcc_busta_scaled))))"
   ]
  },
  {
   "cell_type": "code",
   "execution_count": 91,
   "metadata": {},
   "outputs": [],
   "source": [
    "# Support Vector Machine\n",
    "# SVC is too slow for large data sets, using LinearSVR instead\n",
    "# model = sklearn.svm.SVC()\n",
    "model = sklearn.svm.LinearSVR()"
   ]
  },
  {
   "cell_type": "code",
   "execution_count": 92,
   "metadata": {},
   "outputs": [
    {
     "data": {
      "text/plain": [
       "LinearSVR(C=1.0, dual=True, epsilon=0.0, fit_intercept=True,\n",
       "     intercept_scaling=1.0, loss='epsilon_insensitive', max_iter=1000,\n",
       "     random_state=None, tol=0.0001, verbose=0)"
      ]
     },
     "execution_count": 92,
     "metadata": {},
     "output_type": "execute_result"
    }
   ],
   "source": [
    "model.fit(features, labels)"
   ]
  },
  {
   "cell_type": "code",
   "execution_count": 93,
   "metadata": {},
   "outputs": [],
   "source": [
    "x_brahms_test, sr_brahms = librosa.load(sadPath + \"/\" + filename_brahms, duration=10, offset=120)"
   ]
  },
  {
   "cell_type": "code",
   "execution_count": 94,
   "metadata": {},
   "outputs": [],
   "source": [
    "x_busta_test, sr_busta = librosa.load(happyPath + \"/\" + filename_busta, duration=10, offset=120)"
   ]
  },
  {
   "cell_type": "code",
   "execution_count": 95,
   "metadata": {},
   "outputs": [],
   "source": [
    "mfcc_brahms_test = librosa.feature.mfcc(x_brahms_test, sr=sr_brahms, n_mfcc=n_mfcc).T"
   ]
  },
  {
   "cell_type": "code",
   "execution_count": 96,
   "metadata": {},
   "outputs": [],
   "source": [
    "mfcc_busta_test = librosa.feature.mfcc(x_busta_test, sr=sr_busta, n_mfcc=n_mfcc).T"
   ]
  },
  {
   "cell_type": "code",
   "execution_count": 97,
   "metadata": {},
   "outputs": [
    {
     "name": "stdout",
     "output_type": "stream",
     "text": [
      "(431, 12)\n",
      "(431, 12)\n"
     ]
    }
   ],
   "source": [
    "print(mfcc_brahms_test.shape)\n",
    "print(mfcc_busta_test.shape)"
   ]
  },
  {
   "cell_type": "code",
   "execution_count": 98,
   "metadata": {},
   "outputs": [],
   "source": [
    "mfcc_brahms_test_scaled = scaler.transform(mfcc_brahms_test)"
   ]
  },
  {
   "cell_type": "code",
   "execution_count": 99,
   "metadata": {},
   "outputs": [],
   "source": [
    "mfcc_busta_test_scaled = scaler.transform(mfcc_busta_test)"
   ]
  },
  {
   "cell_type": "code",
   "execution_count": 100,
   "metadata": {},
   "outputs": [],
   "source": [
    "features_test = numpy.vstack((mfcc_brahms_test_scaled, mfcc_busta_test_scaled))"
   ]
  },
  {
   "cell_type": "code",
   "execution_count": 101,
   "metadata": {},
   "outputs": [],
   "source": [
    "labels_test = numpy.concatenate((numpy.zeros(len(mfcc_brahms_test)), numpy.ones(len(mfcc_busta_test))))"
   ]
  },
  {
   "cell_type": "code",
   "execution_count": 102,
   "metadata": {},
   "outputs": [],
   "source": [
    "predicted_labels = model.predict(features_test)"
   ]
  },
  {
   "cell_type": "code",
   "execution_count": 103,
   "metadata": {},
   "outputs": [],
   "source": [
    "score = model.score(features_test, labels_test)"
   ]
  },
  {
   "cell_type": "code",
   "execution_count": 104,
   "metadata": {},
   "outputs": [
    {
     "data": {
      "text/plain": [
       "-0.9999999539866207"
      ]
     },
     "execution_count": 104,
     "metadata": {},
     "output_type": "execute_result"
    }
   ],
   "source": [
    "score"
   ]
  },
  {
   "cell_type": "code",
   "execution_count": 105,
   "metadata": {},
   "outputs": [],
   "source": [
    "predicted_labels = model.predict(mfcc_brahms_test_scaled)"
   ]
  },
  {
   "cell_type": "code",
   "execution_count": 106,
   "metadata": {},
   "outputs": [
    {
     "data": {
      "text/plain": [
       "0"
      ]
     },
     "execution_count": 106,
     "metadata": {},
     "output_type": "execute_result"
    }
   ],
   "source": [
    "numpy.argmax([(predicted_labels == c).sum() for c in (0, 1)])"
   ]
  },
  {
   "cell_type": "code",
   "execution_count": 107,
   "metadata": {},
   "outputs": [],
   "source": [
    "predicted_labels = model.predict(mfcc_busta_test_scaled)"
   ]
  },
  {
   "cell_type": "code",
   "execution_count": 108,
   "metadata": {},
   "outputs": [
    {
     "data": {
      "text/plain": [
       "0"
      ]
     },
     "execution_count": 108,
     "metadata": {},
     "output_type": "execute_result"
    }
   ],
   "source": [
    "numpy.argmax([(predicted_labels == c).sum() for c in (0, 1)])"
   ]
  },
  {
   "cell_type": "code",
   "execution_count": 109,
   "metadata": {},
   "outputs": [],
   "source": [
    "df_brahms = pandas.DataFrame(mfcc_brahms_test_scaled)"
   ]
  },
  {
   "cell_type": "code",
   "execution_count": 110,
   "metadata": {},
   "outputs": [
    {
     "data": {
      "text/plain": [
       "(431, 12)"
      ]
     },
     "execution_count": 110,
     "metadata": {},
     "output_type": "execute_result"
    }
   ],
   "source": [
    "df_brahms.shape"
   ]
  },
  {
   "cell_type": "code",
   "execution_count": 111,
   "metadata": {},
   "outputs": [
    {
     "data": {
      "text/html": [
       "<div>\n",
       "<style scoped>\n",
       "    .dataframe tbody tr th:only-of-type {\n",
       "        vertical-align: middle;\n",
       "    }\n",
       "\n",
       "    .dataframe tbody tr th {\n",
       "        vertical-align: top;\n",
       "    }\n",
       "\n",
       "    .dataframe thead th {\n",
       "        text-align: right;\n",
       "    }\n",
       "</style>\n",
       "<table border=\"1\" class=\"dataframe\">\n",
       "  <thead>\n",
       "    <tr style=\"text-align: right;\">\n",
       "      <th></th>\n",
       "      <th>0</th>\n",
       "      <th>1</th>\n",
       "      <th>2</th>\n",
       "      <th>3</th>\n",
       "      <th>4</th>\n",
       "      <th>5</th>\n",
       "      <th>6</th>\n",
       "      <th>7</th>\n",
       "      <th>8</th>\n",
       "      <th>9</th>\n",
       "      <th>10</th>\n",
       "      <th>11</th>\n",
       "    </tr>\n",
       "  </thead>\n",
       "  <tbody>\n",
       "    <tr>\n",
       "      <th>0</th>\n",
       "      <td>0.365917</td>\n",
       "      <td>1.287386</td>\n",
       "      <td>-1.239736</td>\n",
       "      <td>-1.274722</td>\n",
       "      <td>0.534207</td>\n",
       "      <td>-0.257853</td>\n",
       "      <td>1.601870</td>\n",
       "      <td>-0.784214</td>\n",
       "      <td>-2.305576</td>\n",
       "      <td>0.939751</td>\n",
       "      <td>-0.365565</td>\n",
       "      <td>-1.363283</td>\n",
       "    </tr>\n",
       "    <tr>\n",
       "      <th>1</th>\n",
       "      <td>0.063701</td>\n",
       "      <td>1.534638</td>\n",
       "      <td>-1.287229</td>\n",
       "      <td>-1.014018</td>\n",
       "      <td>0.612009</td>\n",
       "      <td>-0.296771</td>\n",
       "      <td>1.731386</td>\n",
       "      <td>-0.660101</td>\n",
       "      <td>-2.270442</td>\n",
       "      <td>1.146134</td>\n",
       "      <td>-0.293013</td>\n",
       "      <td>-0.932786</td>\n",
       "    </tr>\n",
       "    <tr>\n",
       "      <th>2</th>\n",
       "      <td>-0.595081</td>\n",
       "      <td>1.847015</td>\n",
       "      <td>-1.238706</td>\n",
       "      <td>-0.246446</td>\n",
       "      <td>0.503468</td>\n",
       "      <td>-0.176313</td>\n",
       "      <td>1.261511</td>\n",
       "      <td>-0.349957</td>\n",
       "      <td>-1.477764</td>\n",
       "      <td>1.125564</td>\n",
       "      <td>-0.035137</td>\n",
       "      <td>-0.405933</td>\n",
       "    </tr>\n",
       "    <tr>\n",
       "      <th>3</th>\n",
       "      <td>-0.785796</td>\n",
       "      <td>1.533882</td>\n",
       "      <td>-0.827016</td>\n",
       "      <td>-0.003413</td>\n",
       "      <td>0.975394</td>\n",
       "      <td>-0.163276</td>\n",
       "      <td>0.271889</td>\n",
       "      <td>-0.253923</td>\n",
       "      <td>-1.071880</td>\n",
       "      <td>1.083916</td>\n",
       "      <td>-0.018989</td>\n",
       "      <td>-0.454153</td>\n",
       "    </tr>\n",
       "    <tr>\n",
       "      <th>4</th>\n",
       "      <td>-0.760708</td>\n",
       "      <td>1.172552</td>\n",
       "      <td>-0.722347</td>\n",
       "      <td>-0.259139</td>\n",
       "      <td>0.882184</td>\n",
       "      <td>-0.343236</td>\n",
       "      <td>-0.177718</td>\n",
       "      <td>0.111943</td>\n",
       "      <td>-1.220096</td>\n",
       "      <td>1.036388</td>\n",
       "      <td>0.053818</td>\n",
       "      <td>-0.090552</td>\n",
       "    </tr>\n",
       "  </tbody>\n",
       "</table>\n",
       "</div>"
      ],
      "text/plain": [
       "         0         1         2         3         4         5         6   \\\n",
       "0  0.365917  1.287386 -1.239736 -1.274722  0.534207 -0.257853  1.601870   \n",
       "1  0.063701  1.534638 -1.287229 -1.014018  0.612009 -0.296771  1.731386   \n",
       "2 -0.595081  1.847015 -1.238706 -0.246446  0.503468 -0.176313  1.261511   \n",
       "3 -0.785796  1.533882 -0.827016 -0.003413  0.975394 -0.163276  0.271889   \n",
       "4 -0.760708  1.172552 -0.722347 -0.259139  0.882184 -0.343236 -0.177718   \n",
       "\n",
       "         7         8         9         10        11  \n",
       "0 -0.784214 -2.305576  0.939751 -0.365565 -1.363283  \n",
       "1 -0.660101 -2.270442  1.146134 -0.293013 -0.932786  \n",
       "2 -0.349957 -1.477764  1.125564 -0.035137 -0.405933  \n",
       "3 -0.253923 -1.071880  1.083916 -0.018989 -0.454153  \n",
       "4  0.111943 -1.220096  1.036388  0.053818 -0.090552  "
      ]
     },
     "execution_count": 111,
     "metadata": {},
     "output_type": "execute_result"
    }
   ],
   "source": [
    "df_brahms.head()"
   ]
  },
  {
   "cell_type": "code",
   "execution_count": 112,
   "metadata": {},
   "outputs": [],
   "source": [
    "df_busta = pandas.DataFrame(mfcc_busta_test_scaled)"
   ]
  },
  {
   "cell_type": "code",
   "execution_count": 113,
   "metadata": {},
   "outputs": [
    {
     "data": {
      "text/html": [
       "<div>\n",
       "<style scoped>\n",
       "    .dataframe tbody tr th:only-of-type {\n",
       "        vertical-align: middle;\n",
       "    }\n",
       "\n",
       "    .dataframe tbody tr th {\n",
       "        vertical-align: top;\n",
       "    }\n",
       "\n",
       "    .dataframe thead th {\n",
       "        text-align: right;\n",
       "    }\n",
       "</style>\n",
       "<table border=\"1\" class=\"dataframe\">\n",
       "  <thead>\n",
       "    <tr style=\"text-align: right;\">\n",
       "      <th></th>\n",
       "      <th>0</th>\n",
       "      <th>1</th>\n",
       "      <th>2</th>\n",
       "      <th>3</th>\n",
       "      <th>4</th>\n",
       "      <th>5</th>\n",
       "      <th>6</th>\n",
       "      <th>7</th>\n",
       "      <th>8</th>\n",
       "      <th>9</th>\n",
       "      <th>10</th>\n",
       "      <th>11</th>\n",
       "    </tr>\n",
       "  </thead>\n",
       "  <tbody>\n",
       "    <tr>\n",
       "      <th>0</th>\n",
       "      <td>1.000000</td>\n",
       "      <td>-0.306319</td>\n",
       "      <td>-0.523138</td>\n",
       "      <td>-0.074812</td>\n",
       "      <td>-0.626815</td>\n",
       "      <td>-0.096349</td>\n",
       "      <td>-0.161628</td>\n",
       "      <td>-0.100990</td>\n",
       "      <td>0.087759</td>\n",
       "      <td>-0.043688</td>\n",
       "      <td>-0.205843</td>\n",
       "      <td>-0.195146</td>\n",
       "    </tr>\n",
       "    <tr>\n",
       "      <th>1</th>\n",
       "      <td>-0.306319</td>\n",
       "      <td>1.000000</td>\n",
       "      <td>-0.150717</td>\n",
       "      <td>0.002756</td>\n",
       "      <td>0.058576</td>\n",
       "      <td>0.062994</td>\n",
       "      <td>0.328680</td>\n",
       "      <td>-0.071146</td>\n",
       "      <td>-0.238565</td>\n",
       "      <td>0.239915</td>\n",
       "      <td>0.177636</td>\n",
       "      <td>0.103697</td>\n",
       "    </tr>\n",
       "    <tr>\n",
       "      <th>2</th>\n",
       "      <td>-0.523138</td>\n",
       "      <td>-0.150717</td>\n",
       "      <td>1.000000</td>\n",
       "      <td>0.039949</td>\n",
       "      <td>0.530088</td>\n",
       "      <td>0.317506</td>\n",
       "      <td>-0.035588</td>\n",
       "      <td>0.321614</td>\n",
       "      <td>0.134716</td>\n",
       "      <td>-0.209437</td>\n",
       "      <td>0.266011</td>\n",
       "      <td>0.153782</td>\n",
       "    </tr>\n",
       "    <tr>\n",
       "      <th>3</th>\n",
       "      <td>-0.074812</td>\n",
       "      <td>0.002756</td>\n",
       "      <td>0.039949</td>\n",
       "      <td>1.000000</td>\n",
       "      <td>0.304107</td>\n",
       "      <td>-0.090425</td>\n",
       "      <td>0.140425</td>\n",
       "      <td>0.527838</td>\n",
       "      <td>0.103415</td>\n",
       "      <td>-0.030747</td>\n",
       "      <td>-0.134274</td>\n",
       "      <td>0.294783</td>\n",
       "    </tr>\n",
       "    <tr>\n",
       "      <th>4</th>\n",
       "      <td>-0.626815</td>\n",
       "      <td>0.058576</td>\n",
       "      <td>0.530088</td>\n",
       "      <td>0.304107</td>\n",
       "      <td>1.000000</td>\n",
       "      <td>0.029313</td>\n",
       "      <td>0.124366</td>\n",
       "      <td>0.308274</td>\n",
       "      <td>-0.110964</td>\n",
       "      <td>-0.088191</td>\n",
       "      <td>0.051086</td>\n",
       "      <td>0.181064</td>\n",
       "    </tr>\n",
       "    <tr>\n",
       "      <th>5</th>\n",
       "      <td>-0.096349</td>\n",
       "      <td>0.062994</td>\n",
       "      <td>0.317506</td>\n",
       "      <td>-0.090425</td>\n",
       "      <td>0.029313</td>\n",
       "      <td>1.000000</td>\n",
       "      <td>-0.122291</td>\n",
       "      <td>-0.040232</td>\n",
       "      <td>0.138784</td>\n",
       "      <td>-0.031279</td>\n",
       "      <td>0.411869</td>\n",
       "      <td>0.023936</td>\n",
       "    </tr>\n",
       "    <tr>\n",
       "      <th>6</th>\n",
       "      <td>-0.161628</td>\n",
       "      <td>0.328680</td>\n",
       "      <td>-0.035588</td>\n",
       "      <td>0.140425</td>\n",
       "      <td>0.124366</td>\n",
       "      <td>-0.122291</td>\n",
       "      <td>1.000000</td>\n",
       "      <td>0.317531</td>\n",
       "      <td>-0.186720</td>\n",
       "      <td>0.570746</td>\n",
       "      <td>-0.013585</td>\n",
       "      <td>0.140750</td>\n",
       "    </tr>\n",
       "    <tr>\n",
       "      <th>7</th>\n",
       "      <td>-0.100990</td>\n",
       "      <td>-0.071146</td>\n",
       "      <td>0.321614</td>\n",
       "      <td>0.527838</td>\n",
       "      <td>0.308274</td>\n",
       "      <td>-0.040232</td>\n",
       "      <td>0.317531</td>\n",
       "      <td>1.000000</td>\n",
       "      <td>0.130510</td>\n",
       "      <td>0.052767</td>\n",
       "      <td>0.016233</td>\n",
       "      <td>0.366231</td>\n",
       "    </tr>\n",
       "    <tr>\n",
       "      <th>8</th>\n",
       "      <td>0.087759</td>\n",
       "      <td>-0.238565</td>\n",
       "      <td>0.134716</td>\n",
       "      <td>0.103415</td>\n",
       "      <td>-0.110964</td>\n",
       "      <td>0.138784</td>\n",
       "      <td>-0.186720</td>\n",
       "      <td>0.130510</td>\n",
       "      <td>1.000000</td>\n",
       "      <td>-0.042755</td>\n",
       "      <td>-0.214954</td>\n",
       "      <td>0.037551</td>\n",
       "    </tr>\n",
       "    <tr>\n",
       "      <th>9</th>\n",
       "      <td>-0.043688</td>\n",
       "      <td>0.239915</td>\n",
       "      <td>-0.209437</td>\n",
       "      <td>-0.030747</td>\n",
       "      <td>-0.088191</td>\n",
       "      <td>-0.031279</td>\n",
       "      <td>0.570746</td>\n",
       "      <td>0.052767</td>\n",
       "      <td>-0.042755</td>\n",
       "      <td>1.000000</td>\n",
       "      <td>0.142862</td>\n",
       "      <td>0.008792</td>\n",
       "    </tr>\n",
       "    <tr>\n",
       "      <th>10</th>\n",
       "      <td>-0.205843</td>\n",
       "      <td>0.177636</td>\n",
       "      <td>0.266011</td>\n",
       "      <td>-0.134274</td>\n",
       "      <td>0.051086</td>\n",
       "      <td>0.411869</td>\n",
       "      <td>-0.013585</td>\n",
       "      <td>0.016233</td>\n",
       "      <td>-0.214954</td>\n",
       "      <td>0.142862</td>\n",
       "      <td>1.000000</td>\n",
       "      <td>0.195946</td>\n",
       "    </tr>\n",
       "    <tr>\n",
       "      <th>11</th>\n",
       "      <td>-0.195146</td>\n",
       "      <td>0.103697</td>\n",
       "      <td>0.153782</td>\n",
       "      <td>0.294783</td>\n",
       "      <td>0.181064</td>\n",
       "      <td>0.023936</td>\n",
       "      <td>0.140750</td>\n",
       "      <td>0.366231</td>\n",
       "      <td>0.037551</td>\n",
       "      <td>0.008792</td>\n",
       "      <td>0.195946</td>\n",
       "      <td>1.000000</td>\n",
       "    </tr>\n",
       "  </tbody>\n",
       "</table>\n",
       "</div>"
      ],
      "text/plain": [
       "          0         1         2         3         4         5         6   \\\n",
       "0   1.000000 -0.306319 -0.523138 -0.074812 -0.626815 -0.096349 -0.161628   \n",
       "1  -0.306319  1.000000 -0.150717  0.002756  0.058576  0.062994  0.328680   \n",
       "2  -0.523138 -0.150717  1.000000  0.039949  0.530088  0.317506 -0.035588   \n",
       "3  -0.074812  0.002756  0.039949  1.000000  0.304107 -0.090425  0.140425   \n",
       "4  -0.626815  0.058576  0.530088  0.304107  1.000000  0.029313  0.124366   \n",
       "5  -0.096349  0.062994  0.317506 -0.090425  0.029313  1.000000 -0.122291   \n",
       "6  -0.161628  0.328680 -0.035588  0.140425  0.124366 -0.122291  1.000000   \n",
       "7  -0.100990 -0.071146  0.321614  0.527838  0.308274 -0.040232  0.317531   \n",
       "8   0.087759 -0.238565  0.134716  0.103415 -0.110964  0.138784 -0.186720   \n",
       "9  -0.043688  0.239915 -0.209437 -0.030747 -0.088191 -0.031279  0.570746   \n",
       "10 -0.205843  0.177636  0.266011 -0.134274  0.051086  0.411869 -0.013585   \n",
       "11 -0.195146  0.103697  0.153782  0.294783  0.181064  0.023936  0.140750   \n",
       "\n",
       "          7         8         9         10        11  \n",
       "0  -0.100990  0.087759 -0.043688 -0.205843 -0.195146  \n",
       "1  -0.071146 -0.238565  0.239915  0.177636  0.103697  \n",
       "2   0.321614  0.134716 -0.209437  0.266011  0.153782  \n",
       "3   0.527838  0.103415 -0.030747 -0.134274  0.294783  \n",
       "4   0.308274 -0.110964 -0.088191  0.051086  0.181064  \n",
       "5  -0.040232  0.138784 -0.031279  0.411869  0.023936  \n",
       "6   0.317531 -0.186720  0.570746 -0.013585  0.140750  \n",
       "7   1.000000  0.130510  0.052767  0.016233  0.366231  \n",
       "8   0.130510  1.000000 -0.042755 -0.214954  0.037551  \n",
       "9   0.052767 -0.042755  1.000000  0.142862  0.008792  \n",
       "10  0.016233 -0.214954  0.142862  1.000000  0.195946  \n",
       "11  0.366231  0.037551  0.008792  0.195946  1.000000  "
      ]
     },
     "execution_count": 113,
     "metadata": {},
     "output_type": "execute_result"
    }
   ],
   "source": [
    "df_brahms.corr()"
   ]
  },
  {
   "cell_type": "code",
   "execution_count": 114,
   "metadata": {},
   "outputs": [
    {
     "data": {
      "text/html": [
       "<div>\n",
       "<style scoped>\n",
       "    .dataframe tbody tr th:only-of-type {\n",
       "        vertical-align: middle;\n",
       "    }\n",
       "\n",
       "    .dataframe tbody tr th {\n",
       "        vertical-align: top;\n",
       "    }\n",
       "\n",
       "    .dataframe thead th {\n",
       "        text-align: right;\n",
       "    }\n",
       "</style>\n",
       "<table border=\"1\" class=\"dataframe\">\n",
       "  <thead>\n",
       "    <tr style=\"text-align: right;\">\n",
       "      <th></th>\n",
       "      <th>0</th>\n",
       "      <th>1</th>\n",
       "      <th>2</th>\n",
       "      <th>3</th>\n",
       "      <th>4</th>\n",
       "      <th>5</th>\n",
       "      <th>6</th>\n",
       "      <th>7</th>\n",
       "      <th>8</th>\n",
       "      <th>9</th>\n",
       "      <th>10</th>\n",
       "      <th>11</th>\n",
       "    </tr>\n",
       "  </thead>\n",
       "  <tbody>\n",
       "    <tr>\n",
       "      <th>0</th>\n",
       "      <td>1.000000</td>\n",
       "      <td>-0.191726</td>\n",
       "      <td>-0.723843</td>\n",
       "      <td>0.112482</td>\n",
       "      <td>-0.723104</td>\n",
       "      <td>0.265376</td>\n",
       "      <td>-0.516935</td>\n",
       "      <td>0.246308</td>\n",
       "      <td>-0.250430</td>\n",
       "      <td>-0.038918</td>\n",
       "      <td>-0.167970</td>\n",
       "      <td>-0.016579</td>\n",
       "    </tr>\n",
       "    <tr>\n",
       "      <th>1</th>\n",
       "      <td>-0.191726</td>\n",
       "      <td>1.000000</td>\n",
       "      <td>0.374160</td>\n",
       "      <td>-0.538430</td>\n",
       "      <td>0.332936</td>\n",
       "      <td>-0.210887</td>\n",
       "      <td>-0.211429</td>\n",
       "      <td>-0.713323</td>\n",
       "      <td>-0.280555</td>\n",
       "      <td>0.242826</td>\n",
       "      <td>0.550743</td>\n",
       "      <td>0.143503</td>\n",
       "    </tr>\n",
       "    <tr>\n",
       "      <th>2</th>\n",
       "      <td>-0.723843</td>\n",
       "      <td>0.374160</td>\n",
       "      <td>1.000000</td>\n",
       "      <td>0.189144</td>\n",
       "      <td>0.766544</td>\n",
       "      <td>0.120274</td>\n",
       "      <td>0.162097</td>\n",
       "      <td>-0.235574</td>\n",
       "      <td>-0.053974</td>\n",
       "      <td>0.287259</td>\n",
       "      <td>0.482906</td>\n",
       "      <td>0.210907</td>\n",
       "    </tr>\n",
       "    <tr>\n",
       "      <th>3</th>\n",
       "      <td>0.112482</td>\n",
       "      <td>-0.538430</td>\n",
       "      <td>0.189144</td>\n",
       "      <td>1.000000</td>\n",
       "      <td>0.130304</td>\n",
       "      <td>0.456276</td>\n",
       "      <td>0.142086</td>\n",
       "      <td>0.608852</td>\n",
       "      <td>0.271376</td>\n",
       "      <td>0.099866</td>\n",
       "      <td>-0.079849</td>\n",
       "      <td>-0.015619</td>\n",
       "    </tr>\n",
       "    <tr>\n",
       "      <th>4</th>\n",
       "      <td>-0.723104</td>\n",
       "      <td>0.332936</td>\n",
       "      <td>0.766544</td>\n",
       "      <td>0.130304</td>\n",
       "      <td>1.000000</td>\n",
       "      <td>0.217632</td>\n",
       "      <td>0.420256</td>\n",
       "      <td>-0.169640</td>\n",
       "      <td>0.144213</td>\n",
       "      <td>0.330812</td>\n",
       "      <td>0.438986</td>\n",
       "      <td>0.107272</td>\n",
       "    </tr>\n",
       "    <tr>\n",
       "      <th>5</th>\n",
       "      <td>0.265376</td>\n",
       "      <td>-0.210887</td>\n",
       "      <td>0.120274</td>\n",
       "      <td>0.456276</td>\n",
       "      <td>0.217632</td>\n",
       "      <td>1.000000</td>\n",
       "      <td>0.103499</td>\n",
       "      <td>0.297879</td>\n",
       "      <td>-0.233007</td>\n",
       "      <td>0.152091</td>\n",
       "      <td>0.244284</td>\n",
       "      <td>0.270843</td>\n",
       "    </tr>\n",
       "    <tr>\n",
       "      <th>6</th>\n",
       "      <td>-0.516935</td>\n",
       "      <td>-0.211429</td>\n",
       "      <td>0.162097</td>\n",
       "      <td>0.142086</td>\n",
       "      <td>0.420256</td>\n",
       "      <td>0.103499</td>\n",
       "      <td>1.000000</td>\n",
       "      <td>0.331708</td>\n",
       "      <td>0.447563</td>\n",
       "      <td>-0.237886</td>\n",
       "      <td>-0.188510</td>\n",
       "      <td>0.028821</td>\n",
       "    </tr>\n",
       "    <tr>\n",
       "      <th>7</th>\n",
       "      <td>0.246308</td>\n",
       "      <td>-0.713323</td>\n",
       "      <td>-0.235574</td>\n",
       "      <td>0.608852</td>\n",
       "      <td>-0.169640</td>\n",
       "      <td>0.297879</td>\n",
       "      <td>0.331708</td>\n",
       "      <td>1.000000</td>\n",
       "      <td>0.450525</td>\n",
       "      <td>-0.155540</td>\n",
       "      <td>-0.481055</td>\n",
       "      <td>-0.139014</td>\n",
       "    </tr>\n",
       "    <tr>\n",
       "      <th>8</th>\n",
       "      <td>-0.250430</td>\n",
       "      <td>-0.280555</td>\n",
       "      <td>-0.053974</td>\n",
       "      <td>0.271376</td>\n",
       "      <td>0.144213</td>\n",
       "      <td>-0.233007</td>\n",
       "      <td>0.447563</td>\n",
       "      <td>0.450525</td>\n",
       "      <td>1.000000</td>\n",
       "      <td>0.282552</td>\n",
       "      <td>-0.384067</td>\n",
       "      <td>-0.619205</td>\n",
       "    </tr>\n",
       "    <tr>\n",
       "      <th>9</th>\n",
       "      <td>-0.038918</td>\n",
       "      <td>0.242826</td>\n",
       "      <td>0.287259</td>\n",
       "      <td>0.099866</td>\n",
       "      <td>0.330812</td>\n",
       "      <td>0.152091</td>\n",
       "      <td>-0.237886</td>\n",
       "      <td>-0.155540</td>\n",
       "      <td>0.282552</td>\n",
       "      <td>1.000000</td>\n",
       "      <td>0.426416</td>\n",
       "      <td>-0.458024</td>\n",
       "    </tr>\n",
       "    <tr>\n",
       "      <th>10</th>\n",
       "      <td>-0.167970</td>\n",
       "      <td>0.550743</td>\n",
       "      <td>0.482906</td>\n",
       "      <td>-0.079849</td>\n",
       "      <td>0.438986</td>\n",
       "      <td>0.244284</td>\n",
       "      <td>-0.188510</td>\n",
       "      <td>-0.481055</td>\n",
       "      <td>-0.384067</td>\n",
       "      <td>0.426416</td>\n",
       "      <td>1.000000</td>\n",
       "      <td>0.327875</td>\n",
       "    </tr>\n",
       "    <tr>\n",
       "      <th>11</th>\n",
       "      <td>-0.016579</td>\n",
       "      <td>0.143503</td>\n",
       "      <td>0.210907</td>\n",
       "      <td>-0.015619</td>\n",
       "      <td>0.107272</td>\n",
       "      <td>0.270843</td>\n",
       "      <td>0.028821</td>\n",
       "      <td>-0.139014</td>\n",
       "      <td>-0.619205</td>\n",
       "      <td>-0.458024</td>\n",
       "      <td>0.327875</td>\n",
       "      <td>1.000000</td>\n",
       "    </tr>\n",
       "  </tbody>\n",
       "</table>\n",
       "</div>"
      ],
      "text/plain": [
       "          0         1         2         3         4         5         6   \\\n",
       "0   1.000000 -0.191726 -0.723843  0.112482 -0.723104  0.265376 -0.516935   \n",
       "1  -0.191726  1.000000  0.374160 -0.538430  0.332936 -0.210887 -0.211429   \n",
       "2  -0.723843  0.374160  1.000000  0.189144  0.766544  0.120274  0.162097   \n",
       "3   0.112482 -0.538430  0.189144  1.000000  0.130304  0.456276  0.142086   \n",
       "4  -0.723104  0.332936  0.766544  0.130304  1.000000  0.217632  0.420256   \n",
       "5   0.265376 -0.210887  0.120274  0.456276  0.217632  1.000000  0.103499   \n",
       "6  -0.516935 -0.211429  0.162097  0.142086  0.420256  0.103499  1.000000   \n",
       "7   0.246308 -0.713323 -0.235574  0.608852 -0.169640  0.297879  0.331708   \n",
       "8  -0.250430 -0.280555 -0.053974  0.271376  0.144213 -0.233007  0.447563   \n",
       "9  -0.038918  0.242826  0.287259  0.099866  0.330812  0.152091 -0.237886   \n",
       "10 -0.167970  0.550743  0.482906 -0.079849  0.438986  0.244284 -0.188510   \n",
       "11 -0.016579  0.143503  0.210907 -0.015619  0.107272  0.270843  0.028821   \n",
       "\n",
       "          7         8         9         10        11  \n",
       "0   0.246308 -0.250430 -0.038918 -0.167970 -0.016579  \n",
       "1  -0.713323 -0.280555  0.242826  0.550743  0.143503  \n",
       "2  -0.235574 -0.053974  0.287259  0.482906  0.210907  \n",
       "3   0.608852  0.271376  0.099866 -0.079849 -0.015619  \n",
       "4  -0.169640  0.144213  0.330812  0.438986  0.107272  \n",
       "5   0.297879 -0.233007  0.152091  0.244284  0.270843  \n",
       "6   0.331708  0.447563 -0.237886 -0.188510  0.028821  \n",
       "7   1.000000  0.450525 -0.155540 -0.481055 -0.139014  \n",
       "8   0.450525  1.000000  0.282552 -0.384067 -0.619205  \n",
       "9  -0.155540  0.282552  1.000000  0.426416 -0.458024  \n",
       "10 -0.481055 -0.384067  0.426416  1.000000  0.327875  \n",
       "11 -0.139014 -0.619205 -0.458024  0.327875  1.000000  "
      ]
     },
     "execution_count": 114,
     "metadata": {},
     "output_type": "execute_result"
    }
   ],
   "source": [
    "df_busta.corr()"
   ]
  },
  {
   "cell_type": "code",
   "execution_count": null,
   "metadata": {},
   "outputs": [],
   "source": []
  }
 ],
 "metadata": {
  "kernelspec": {
   "display_name": "Python 3",
   "language": "python",
   "name": "python3"
  },
  "language_info": {
   "codemirror_mode": {
    "name": "ipython",
    "version": 3
   },
   "file_extension": ".py",
   "mimetype": "text/x-python",
   "name": "python",
   "nbconvert_exporter": "python",
   "pygments_lexer": "ipython3",
   "version": "3.6.4"
  }
 },
 "nbformat": 4,
 "nbformat_minor": 2
}
