{
 "cells": [
  {
   "cell_type": "code",
   "execution_count": 37,
   "metadata": {},
   "outputs": [],
   "source": [
    "%matplotlib inline\n",
    "import numpy, scipy, matplotlib.pyplot as plt, IPython.display as ipd\n",
    "import sklearn, pandas\n",
    "import librosa, librosa.display\n",
    "import os, sys\n",
    "# import stanford_mir; stanford_mir.init()"
   ]
  },
  {
   "cell_type": "code",
   "execution_count": 38,
   "metadata": {},
   "outputs": [
    {
     "data": {
      "text/plain": [
       "(132332, 12)"
      ]
     },
     "execution_count": 38,
     "metadata": {},
     "output_type": "execute_result"
    }
   ],
   "source": [
    "n_mfcc = 12\n",
    "mfcc_brahms = numpy.random.random((0,n_mfcc))\n",
    "sadPath = \"./SadSongs/\"\n",
    "dirs = os.listdir( sadPath )\n",
    "for filename_brahms in dirs:\n",
    "    x_brahms, sr_brahms = librosa.load(sadPath + \"/\" + filename_brahms, sr=22050) # , duration=344)\n",
    "    mfcc_brahms = numpy.concatenate((mfcc_brahms, librosa.feature.mfcc(x_brahms, sr=sr_brahms, n_mfcc=n_mfcc).T))\n",
    "\n",
    "mfcc_brahms.shape"
   ]
  },
  {
   "cell_type": "code",
   "execution_count": 39,
   "metadata": {},
   "outputs": [
    {
     "data": {
      "text/plain": [
       "(112356, 12)"
      ]
     },
     "execution_count": 39,
     "metadata": {},
     "output_type": "execute_result"
    }
   ],
   "source": [
    "mfcc_busta = numpy.random.random((0,n_mfcc))\n",
    "happyPath = \"./HappySongs/\"\n",
    "dirs = os.listdir( happyPath )\n",
    "for filename_busta in dirs:\n",
    "    x_busta, sr_busta = librosa.load(happyPath + \"/\" + filename_busta, sr=22050) # , duration=344)\n",
    "    mfcc_busta = numpy.concatenate((mfcc_busta, librosa.feature.mfcc(x_busta, sr=sr_busta, n_mfcc=n_mfcc).T))\n",
    "\n",
    "mfcc_busta.shape"
   ]
  },
  {
   "cell_type": "code",
   "execution_count": 40,
   "metadata": {},
   "outputs": [],
   "source": [
    "scaler = sklearn.preprocessing.StandardScaler()"
   ]
  },
  {
   "cell_type": "code",
   "execution_count": 41,
   "metadata": {},
   "outputs": [],
   "source": [
    "mfcc_brahms_scaled = scaler.fit_transform(mfcc_brahms)"
   ]
  },
  {
   "cell_type": "code",
   "execution_count": 42,
   "metadata": {},
   "outputs": [
    {
     "data": {
      "text/plain": [
       "array([ 2.90129489e-13, -1.87123673e-14, -7.21875430e-15,  5.83538766e-15,\n",
       "        1.79168311e-14, -8.11914642e-15,  1.83070885e-15,  6.39591496e-14,\n",
       "        3.37088861e-14, -1.70264428e-15, -3.53955782e-15, -9.31686520e-15])"
      ]
     },
     "execution_count": 42,
     "metadata": {},
     "output_type": "execute_result"
    }
   ],
   "source": [
    "mfcc_brahms_scaled.mean(axis=0)"
   ]
  },
  {
   "cell_type": "code",
   "execution_count": 43,
   "metadata": {},
   "outputs": [
    {
     "data": {
      "text/plain": [
       "array([1., 1., 1., 1., 1., 1., 1., 1., 1., 1., 1., 1.])"
      ]
     },
     "execution_count": 43,
     "metadata": {},
     "output_type": "execute_result"
    }
   ],
   "source": [
    "mfcc_brahms_scaled.std(axis=0)"
   ]
  },
  {
   "cell_type": "code",
   "execution_count": 44,
   "metadata": {},
   "outputs": [
    {
     "name": "stdout",
     "output_type": "stream",
     "text": [
      "(132332, 12)\n",
      "(112356, 12)\n"
     ]
    }
   ],
   "source": [
    "print(mfcc_brahms.shape)\n",
    "print(mfcc_busta.shape)"
   ]
  },
  {
   "cell_type": "code",
   "execution_count": 45,
   "metadata": {},
   "outputs": [],
   "source": [
    "mfcc_busta_scaled = scaler.transform(mfcc_busta)"
   ]
  },
  {
   "cell_type": "code",
   "execution_count": 46,
   "metadata": {},
   "outputs": [
    {
     "data": {
      "text/plain": [
       "array([ 0.33162747,  0.02960202, -0.88016722, -0.07059936, -0.21792831,\n",
       "        0.20205081, -0.20147815,  0.08965738,  0.04935455, -0.14488217,\n",
       "        0.02942254,  0.20901194])"
      ]
     },
     "execution_count": 46,
     "metadata": {},
     "output_type": "execute_result"
    }
   ],
   "source": [
    "mfcc_busta_scaled.mean(axis=0)"
   ]
  },
  {
   "cell_type": "code",
   "execution_count": 47,
   "metadata": {},
   "outputs": [
    {
     "data": {
      "text/plain": [
       "array([0.72711862, 0.81541439, 1.49659245, 0.93728278, 1.0821666 ,\n",
       "       0.9731925 , 1.07109179, 1.08291789, 1.11691299, 0.96697998,\n",
       "       1.08306442, 0.97429836])"
      ]
     },
     "execution_count": 47,
     "metadata": {},
     "output_type": "execute_result"
    }
   ],
   "source": [
    "mfcc_busta_scaled.std(axis=0)"
   ]
  },
  {
   "cell_type": "code",
   "execution_count": 48,
   "metadata": {},
   "outputs": [],
   "source": [
    "features = numpy.vstack((mfcc_brahms_scaled, mfcc_busta_scaled))"
   ]
  },
  {
   "cell_type": "code",
   "execution_count": 49,
   "metadata": {},
   "outputs": [
    {
     "data": {
      "text/plain": [
       "(244688, 12)"
      ]
     },
     "execution_count": 49,
     "metadata": {},
     "output_type": "execute_result"
    }
   ],
   "source": [
    "features.shape"
   ]
  },
  {
   "cell_type": "code",
   "execution_count": 50,
   "metadata": {},
   "outputs": [],
   "source": [
    "labels = numpy.concatenate((numpy.zeros(len(mfcc_brahms_scaled)), numpy.ones(len(mfcc_busta_scaled))))"
   ]
  },
  {
   "cell_type": "code",
   "execution_count": 51,
   "metadata": {},
   "outputs": [],
   "source": [
    "# Support Vector Machine\n",
    "# SVC is too slow for large data sets, using LinearSVR instead\n",
    "# model = sklearn.svm.SVC()\n",
    "model = sklearn.svm.LinearSVR()"
   ]
  },
  {
   "cell_type": "code",
   "execution_count": 52,
   "metadata": {},
   "outputs": [
    {
     "data": {
      "text/plain": [
       "LinearSVR(C=1.0, dual=True, epsilon=0.0, fit_intercept=True,\n",
       "     intercept_scaling=1.0, loss='epsilon_insensitive', max_iter=1000,\n",
       "     random_state=None, tol=0.0001, verbose=0)"
      ]
     },
     "execution_count": 52,
     "metadata": {},
     "output_type": "execute_result"
    }
   ],
   "source": [
    "model.fit(features, labels)"
   ]
  },
  {
   "cell_type": "code",
   "execution_count": 53,
   "metadata": {},
   "outputs": [
    {
     "data": {
      "text/plain": [
       "(7315, 12)"
      ]
     },
     "execution_count": 53,
     "metadata": {},
     "output_type": "execute_result"
    }
   ],
   "source": [
    "# x_brahms_test, sr_brahms = librosa.load(sadPath + \"/\" + filename_brahms, duration=10, offset=120)\n",
    "mfcc_brahms_test = numpy.random.random((0,n_mfcc))\n",
    "sadPathTest = \"./SadSongsTest/\"\n",
    "dirs = os.listdir( sadPathTest )\n",
    "for filename_brahms_test in dirs:\n",
    "    x_brahms_test, sr_brahms_test = librosa.load(sadPathTest + \"/\" + filename_brahms_test, sr=22050) # , duration=344)\n",
    "    mfcc_brahms_test = numpy.concatenate((mfcc_brahms_test, librosa.feature.mfcc(x_brahms_test, sr=sr_brahms_test, n_mfcc=n_mfcc).T))\n",
    "\n",
    "mfcc_brahms_test.shape"
   ]
  },
  {
   "cell_type": "code",
   "execution_count": 54,
   "metadata": {},
   "outputs": [
    {
     "data": {
      "text/plain": [
       "(15652, 12)"
      ]
     },
     "execution_count": 54,
     "metadata": {},
     "output_type": "execute_result"
    }
   ],
   "source": [
    "# x_busta_test, sr_busta = librosa.load(happyPath + \"/\" + filename_busta, duration=10, offset=120)\n",
    "mfcc_busta_test = numpy.random.random((0,n_mfcc))\n",
    "happyPathTest = \"./HappySongsTest/\"\n",
    "dirs = os.listdir( happyPathTest )\n",
    "for filename_busta_test in dirs:\n",
    "    x_busta_test, sr_busta_test = librosa.load(happyPathTest + \"/\" + filename_busta_test, sr=22050) # , duration=344)\n",
    "    mfcc_busta_test = numpy.concatenate((mfcc_busta_test, librosa.feature.mfcc(x_busta_test, sr=sr_busta_test, n_mfcc=n_mfcc).T))\n",
    "\n",
    "mfcc_busta_test.shape"
   ]
  },
  {
   "cell_type": "code",
   "execution_count": 55,
   "metadata": {},
   "outputs": [
    {
     "name": "stdout",
     "output_type": "stream",
     "text": [
      "(7315, 12)\n",
      "(15652, 12)\n"
     ]
    }
   ],
   "source": [
    "print(mfcc_brahms_test.shape)\n",
    "print(mfcc_busta_test.shape)"
   ]
  },
  {
   "cell_type": "code",
   "execution_count": 56,
   "metadata": {},
   "outputs": [],
   "source": [
    "mfcc_brahms_test_scaled = scaler.transform(mfcc_brahms_test)"
   ]
  },
  {
   "cell_type": "code",
   "execution_count": 57,
   "metadata": {},
   "outputs": [],
   "source": [
    "mfcc_busta_test_scaled = scaler.transform(mfcc_busta_test)"
   ]
  },
  {
   "cell_type": "code",
   "execution_count": 58,
   "metadata": {},
   "outputs": [],
   "source": [
    "features_test = numpy.vstack((mfcc_brahms_test_scaled, mfcc_busta_test_scaled))"
   ]
  },
  {
   "cell_type": "code",
   "execution_count": 59,
   "metadata": {},
   "outputs": [],
   "source": [
    "labels_test = numpy.concatenate((numpy.zeros(len(mfcc_brahms_test)), numpy.ones(len(mfcc_busta_test))))"
   ]
  },
  {
   "cell_type": "code",
   "execution_count": 60,
   "metadata": {},
   "outputs": [],
   "source": [
    "predicted_labels = model.predict(features_test)"
   ]
  },
  {
   "cell_type": "code",
   "execution_count": 61,
   "metadata": {},
   "outputs": [],
   "source": [
    "score = model.score(features_test, labels_test)"
   ]
  },
  {
   "cell_type": "code",
   "execution_count": 62,
   "metadata": {},
   "outputs": [
    {
     "data": {
      "text/plain": [
       "-0.5821751039812726"
      ]
     },
     "execution_count": 62,
     "metadata": {},
     "output_type": "execute_result"
    }
   ],
   "source": [
    "score"
   ]
  },
  {
   "cell_type": "code",
   "execution_count": 63,
   "metadata": {},
   "outputs": [
    {
     "name": "stdout",
     "output_type": "stream",
     "text": [
      "[-0.12623809 -0.12623809 -0.13438798 ... -0.12623809 -0.12623809\n",
      " -0.12623809]\n"
     ]
    }
   ],
   "source": [
    "predicted_labels = model.predict(mfcc_brahms_test_scaled)\n",
    "print(predicted_labels)"
   ]
  },
  {
   "cell_type": "code",
   "execution_count": 64,
   "metadata": {},
   "outputs": [
    {
     "data": {
      "text/plain": [
       "0"
      ]
     },
     "execution_count": 64,
     "metadata": {},
     "output_type": "execute_result"
    }
   ],
   "source": [
    "numpy.argmax([(predicted_labels == c).sum() for c in (0, 1)])"
   ]
  },
  {
   "cell_type": "code",
   "execution_count": 65,
   "metadata": {},
   "outputs": [
    {
     "name": "stdout",
     "output_type": "stream",
     "text": [
      "[-0.06428729 -0.06428729 -0.06428729 ... -0.06428729 -0.06428729\n",
      " -0.06428729]\n"
     ]
    }
   ],
   "source": [
    "predicted_labels = model.predict(mfcc_busta_test_scaled)\n",
    "print(predicted_labels)"
   ]
  },
  {
   "cell_type": "code",
   "execution_count": 66,
   "metadata": {},
   "outputs": [
    {
     "data": {
      "text/plain": [
       "0"
      ]
     },
     "execution_count": 66,
     "metadata": {},
     "output_type": "execute_result"
    }
   ],
   "source": [
    "numpy.argmax([(predicted_labels == c).sum() for c in (0, 1)])"
   ]
  },
  {
   "cell_type": "code",
   "execution_count": 67,
   "metadata": {},
   "outputs": [],
   "source": [
    "df_brahms = pandas.DataFrame(mfcc_brahms_test_scaled)"
   ]
  },
  {
   "cell_type": "code",
   "execution_count": 68,
   "metadata": {},
   "outputs": [
    {
     "data": {
      "text/plain": [
       "(7315, 12)"
      ]
     },
     "execution_count": 68,
     "metadata": {},
     "output_type": "execute_result"
    }
   ],
   "source": [
    "df_brahms.shape"
   ]
  },
  {
   "cell_type": "code",
   "execution_count": 69,
   "metadata": {},
   "outputs": [
    {
     "data": {
      "text/html": [
       "<div>\n",
       "<style scoped>\n",
       "    .dataframe tbody tr th:only-of-type {\n",
       "        vertical-align: middle;\n",
       "    }\n",
       "\n",
       "    .dataframe tbody tr th {\n",
       "        vertical-align: top;\n",
       "    }\n",
       "\n",
       "    .dataframe thead th {\n",
       "        text-align: right;\n",
       "    }\n",
       "</style>\n",
       "<table border=\"1\" class=\"dataframe\">\n",
       "  <thead>\n",
       "    <tr style=\"text-align: right;\">\n",
       "      <th></th>\n",
       "      <th>0</th>\n",
       "      <th>1</th>\n",
       "      <th>2</th>\n",
       "      <th>3</th>\n",
       "      <th>4</th>\n",
       "      <th>5</th>\n",
       "      <th>6</th>\n",
       "      <th>7</th>\n",
       "      <th>8</th>\n",
       "      <th>9</th>\n",
       "      <th>10</th>\n",
       "      <th>11</th>\n",
       "    </tr>\n",
       "  </thead>\n",
       "  <tbody>\n",
       "    <tr>\n",
       "      <th>0</th>\n",
       "      <td>-3.004730</td>\n",
       "      <td>-2.113703</td>\n",
       "      <td>-0.322447</td>\n",
       "      <td>-1.171206</td>\n",
       "      <td>-0.157609</td>\n",
       "      <td>-0.328141</td>\n",
       "      <td>0.050619</td>\n",
       "      <td>-0.072679</td>\n",
       "      <td>0.373143</td>\n",
       "      <td>-0.332333</td>\n",
       "      <td>0.336630</td>\n",
       "      <td>-0.115189</td>\n",
       "    </tr>\n",
       "    <tr>\n",
       "      <th>1</th>\n",
       "      <td>-3.004730</td>\n",
       "      <td>-2.113703</td>\n",
       "      <td>-0.322447</td>\n",
       "      <td>-1.171206</td>\n",
       "      <td>-0.157609</td>\n",
       "      <td>-0.328141</td>\n",
       "      <td>0.050619</td>\n",
       "      <td>-0.072679</td>\n",
       "      <td>0.373143</td>\n",
       "      <td>-0.332333</td>\n",
       "      <td>0.336630</td>\n",
       "      <td>-0.115189</td>\n",
       "    </tr>\n",
       "    <tr>\n",
       "      <th>2</th>\n",
       "      <td>-2.997759</td>\n",
       "      <td>-2.083214</td>\n",
       "      <td>-0.271047</td>\n",
       "      <td>-1.115035</td>\n",
       "      <td>-0.089944</td>\n",
       "      <td>-0.265766</td>\n",
       "      <td>0.102841</td>\n",
       "      <td>-0.028198</td>\n",
       "      <td>0.397381</td>\n",
       "      <td>-0.327331</td>\n",
       "      <td>0.321250</td>\n",
       "      <td>-0.152514</td>\n",
       "    </tr>\n",
       "    <tr>\n",
       "      <th>3</th>\n",
       "      <td>-2.921870</td>\n",
       "      <td>-1.757636</td>\n",
       "      <td>0.247187</td>\n",
       "      <td>-0.599638</td>\n",
       "      <td>0.457142</td>\n",
       "      <td>0.170227</td>\n",
       "      <td>0.423516</td>\n",
       "      <td>0.237832</td>\n",
       "      <td>0.588728</td>\n",
       "      <td>-0.164844</td>\n",
       "      <td>0.488240</td>\n",
       "      <td>0.001247</td>\n",
       "    </tr>\n",
       "    <tr>\n",
       "      <th>4</th>\n",
       "      <td>-2.435121</td>\n",
       "      <td>-0.131649</td>\n",
       "      <td>1.524198</td>\n",
       "      <td>-0.406225</td>\n",
       "      <td>-0.333101</td>\n",
       "      <td>-0.545681</td>\n",
       "      <td>0.240492</td>\n",
       "      <td>0.113581</td>\n",
       "      <td>0.715829</td>\n",
       "      <td>-0.366664</td>\n",
       "      <td>-0.375158</td>\n",
       "      <td>-0.154534</td>\n",
       "    </tr>\n",
       "  </tbody>\n",
       "</table>\n",
       "</div>"
      ],
      "text/plain": [
       "         0         1         2         3         4         5         6   \\\n",
       "0 -3.004730 -2.113703 -0.322447 -1.171206 -0.157609 -0.328141  0.050619   \n",
       "1 -3.004730 -2.113703 -0.322447 -1.171206 -0.157609 -0.328141  0.050619   \n",
       "2 -2.997759 -2.083214 -0.271047 -1.115035 -0.089944 -0.265766  0.102841   \n",
       "3 -2.921870 -1.757636  0.247187 -0.599638  0.457142  0.170227  0.423516   \n",
       "4 -2.435121 -0.131649  1.524198 -0.406225 -0.333101 -0.545681  0.240492   \n",
       "\n",
       "         7         8         9         10        11  \n",
       "0 -0.072679  0.373143 -0.332333  0.336630 -0.115189  \n",
       "1 -0.072679  0.373143 -0.332333  0.336630 -0.115189  \n",
       "2 -0.028198  0.397381 -0.327331  0.321250 -0.152514  \n",
       "3  0.237832  0.588728 -0.164844  0.488240  0.001247  \n",
       "4  0.113581  0.715829 -0.366664 -0.375158 -0.154534  "
      ]
     },
     "execution_count": 69,
     "metadata": {},
     "output_type": "execute_result"
    }
   ],
   "source": [
    "df_brahms.head()"
   ]
  },
  {
   "cell_type": "code",
   "execution_count": 70,
   "metadata": {},
   "outputs": [],
   "source": [
    "df_busta = pandas.DataFrame(mfcc_busta_test_scaled)"
   ]
  },
  {
   "cell_type": "code",
   "execution_count": 71,
   "metadata": {},
   "outputs": [
    {
     "data": {
      "text/html": [
       "<div>\n",
       "<style scoped>\n",
       "    .dataframe tbody tr th:only-of-type {\n",
       "        vertical-align: middle;\n",
       "    }\n",
       "\n",
       "    .dataframe tbody tr th {\n",
       "        vertical-align: top;\n",
       "    }\n",
       "\n",
       "    .dataframe thead th {\n",
       "        text-align: right;\n",
       "    }\n",
       "</style>\n",
       "<table border=\"1\" class=\"dataframe\">\n",
       "  <thead>\n",
       "    <tr style=\"text-align: right;\">\n",
       "      <th></th>\n",
       "      <th>0</th>\n",
       "      <th>1</th>\n",
       "      <th>2</th>\n",
       "      <th>3</th>\n",
       "      <th>4</th>\n",
       "      <th>5</th>\n",
       "      <th>6</th>\n",
       "      <th>7</th>\n",
       "      <th>8</th>\n",
       "      <th>9</th>\n",
       "      <th>10</th>\n",
       "      <th>11</th>\n",
       "    </tr>\n",
       "  </thead>\n",
       "  <tbody>\n",
       "    <tr>\n",
       "      <th>0</th>\n",
       "      <td>1.000000</td>\n",
       "      <td>0.200395</td>\n",
       "      <td>-0.390176</td>\n",
       "      <td>0.571028</td>\n",
       "      <td>-0.343395</td>\n",
       "      <td>0.261467</td>\n",
       "      <td>-0.390457</td>\n",
       "      <td>0.295448</td>\n",
       "      <td>-0.249084</td>\n",
       "      <td>0.156980</td>\n",
       "      <td>-0.161180</td>\n",
       "      <td>0.238608</td>\n",
       "    </tr>\n",
       "    <tr>\n",
       "      <th>1</th>\n",
       "      <td>0.200395</td>\n",
       "      <td>1.000000</td>\n",
       "      <td>-0.154327</td>\n",
       "      <td>0.109016</td>\n",
       "      <td>0.080645</td>\n",
       "      <td>-0.044768</td>\n",
       "      <td>0.307227</td>\n",
       "      <td>-0.115691</td>\n",
       "      <td>-0.040750</td>\n",
       "      <td>0.010043</td>\n",
       "      <td>0.043793</td>\n",
       "      <td>-0.237215</td>\n",
       "    </tr>\n",
       "    <tr>\n",
       "      <th>2</th>\n",
       "      <td>-0.390176</td>\n",
       "      <td>-0.154327</td>\n",
       "      <td>1.000000</td>\n",
       "      <td>-0.342412</td>\n",
       "      <td>0.401069</td>\n",
       "      <td>-0.013025</td>\n",
       "      <td>0.023257</td>\n",
       "      <td>-0.067215</td>\n",
       "      <td>0.058836</td>\n",
       "      <td>-0.198337</td>\n",
       "      <td>0.013712</td>\n",
       "      <td>0.070088</td>\n",
       "    </tr>\n",
       "    <tr>\n",
       "      <th>3</th>\n",
       "      <td>0.571028</td>\n",
       "      <td>0.109016</td>\n",
       "      <td>-0.342412</td>\n",
       "      <td>1.000000</td>\n",
       "      <td>-0.018351</td>\n",
       "      <td>0.281249</td>\n",
       "      <td>-0.301282</td>\n",
       "      <td>0.208568</td>\n",
       "      <td>0.007478</td>\n",
       "      <td>-0.043674</td>\n",
       "      <td>0.176703</td>\n",
       "      <td>0.330592</td>\n",
       "    </tr>\n",
       "    <tr>\n",
       "      <th>4</th>\n",
       "      <td>-0.343395</td>\n",
       "      <td>0.080645</td>\n",
       "      <td>0.401069</td>\n",
       "      <td>-0.018351</td>\n",
       "      <td>1.000000</td>\n",
       "      <td>0.059960</td>\n",
       "      <td>0.037135</td>\n",
       "      <td>-0.065391</td>\n",
       "      <td>0.345607</td>\n",
       "      <td>-0.123625</td>\n",
       "      <td>0.242343</td>\n",
       "      <td>0.080059</td>\n",
       "    </tr>\n",
       "    <tr>\n",
       "      <th>5</th>\n",
       "      <td>0.261467</td>\n",
       "      <td>-0.044768</td>\n",
       "      <td>-0.013025</td>\n",
       "      <td>0.281249</td>\n",
       "      <td>0.059960</td>\n",
       "      <td>1.000000</td>\n",
       "      <td>0.020723</td>\n",
       "      <td>-0.169549</td>\n",
       "      <td>0.097071</td>\n",
       "      <td>0.056847</td>\n",
       "      <td>0.255759</td>\n",
       "      <td>0.176096</td>\n",
       "    </tr>\n",
       "    <tr>\n",
       "      <th>6</th>\n",
       "      <td>-0.390457</td>\n",
       "      <td>0.307227</td>\n",
       "      <td>0.023257</td>\n",
       "      <td>-0.301282</td>\n",
       "      <td>0.037135</td>\n",
       "      <td>0.020723</td>\n",
       "      <td>1.000000</td>\n",
       "      <td>-0.163305</td>\n",
       "      <td>-0.017294</td>\n",
       "      <td>0.108970</td>\n",
       "      <td>0.040945</td>\n",
       "      <td>-0.366050</td>\n",
       "    </tr>\n",
       "    <tr>\n",
       "      <th>7</th>\n",
       "      <td>0.295448</td>\n",
       "      <td>-0.115691</td>\n",
       "      <td>-0.067215</td>\n",
       "      <td>0.208568</td>\n",
       "      <td>-0.065391</td>\n",
       "      <td>-0.169549</td>\n",
       "      <td>-0.163305</td>\n",
       "      <td>1.000000</td>\n",
       "      <td>-0.175163</td>\n",
       "      <td>-0.039134</td>\n",
       "      <td>-0.211422</td>\n",
       "      <td>0.074590</td>\n",
       "    </tr>\n",
       "    <tr>\n",
       "      <th>8</th>\n",
       "      <td>-0.249084</td>\n",
       "      <td>-0.040750</td>\n",
       "      <td>0.058836</td>\n",
       "      <td>0.007478</td>\n",
       "      <td>0.345607</td>\n",
       "      <td>0.097071</td>\n",
       "      <td>-0.017294</td>\n",
       "      <td>-0.175163</td>\n",
       "      <td>1.000000</td>\n",
       "      <td>0.206925</td>\n",
       "      <td>0.349729</td>\n",
       "      <td>-0.029676</td>\n",
       "    </tr>\n",
       "    <tr>\n",
       "      <th>9</th>\n",
       "      <td>0.156980</td>\n",
       "      <td>0.010043</td>\n",
       "      <td>-0.198337</td>\n",
       "      <td>-0.043674</td>\n",
       "      <td>-0.123625</td>\n",
       "      <td>0.056847</td>\n",
       "      <td>0.108970</td>\n",
       "      <td>-0.039134</td>\n",
       "      <td>0.206925</td>\n",
       "      <td>1.000000</td>\n",
       "      <td>-0.065787</td>\n",
       "      <td>-0.330425</td>\n",
       "    </tr>\n",
       "    <tr>\n",
       "      <th>10</th>\n",
       "      <td>-0.161180</td>\n",
       "      <td>0.043793</td>\n",
       "      <td>0.013712</td>\n",
       "      <td>0.176703</td>\n",
       "      <td>0.242343</td>\n",
       "      <td>0.255759</td>\n",
       "      <td>0.040945</td>\n",
       "      <td>-0.211422</td>\n",
       "      <td>0.349729</td>\n",
       "      <td>-0.065787</td>\n",
       "      <td>1.000000</td>\n",
       "      <td>0.284179</td>\n",
       "    </tr>\n",
       "    <tr>\n",
       "      <th>11</th>\n",
       "      <td>0.238608</td>\n",
       "      <td>-0.237215</td>\n",
       "      <td>0.070088</td>\n",
       "      <td>0.330592</td>\n",
       "      <td>0.080059</td>\n",
       "      <td>0.176096</td>\n",
       "      <td>-0.366050</td>\n",
       "      <td>0.074590</td>\n",
       "      <td>-0.029676</td>\n",
       "      <td>-0.330425</td>\n",
       "      <td>0.284179</td>\n",
       "      <td>1.000000</td>\n",
       "    </tr>\n",
       "  </tbody>\n",
       "</table>\n",
       "</div>"
      ],
      "text/plain": [
       "          0         1         2         3         4         5         6   \\\n",
       "0   1.000000  0.200395 -0.390176  0.571028 -0.343395  0.261467 -0.390457   \n",
       "1   0.200395  1.000000 -0.154327  0.109016  0.080645 -0.044768  0.307227   \n",
       "2  -0.390176 -0.154327  1.000000 -0.342412  0.401069 -0.013025  0.023257   \n",
       "3   0.571028  0.109016 -0.342412  1.000000 -0.018351  0.281249 -0.301282   \n",
       "4  -0.343395  0.080645  0.401069 -0.018351  1.000000  0.059960  0.037135   \n",
       "5   0.261467 -0.044768 -0.013025  0.281249  0.059960  1.000000  0.020723   \n",
       "6  -0.390457  0.307227  0.023257 -0.301282  0.037135  0.020723  1.000000   \n",
       "7   0.295448 -0.115691 -0.067215  0.208568 -0.065391 -0.169549 -0.163305   \n",
       "8  -0.249084 -0.040750  0.058836  0.007478  0.345607  0.097071 -0.017294   \n",
       "9   0.156980  0.010043 -0.198337 -0.043674 -0.123625  0.056847  0.108970   \n",
       "10 -0.161180  0.043793  0.013712  0.176703  0.242343  0.255759  0.040945   \n",
       "11  0.238608 -0.237215  0.070088  0.330592  0.080059  0.176096 -0.366050   \n",
       "\n",
       "          7         8         9         10        11  \n",
       "0   0.295448 -0.249084  0.156980 -0.161180  0.238608  \n",
       "1  -0.115691 -0.040750  0.010043  0.043793 -0.237215  \n",
       "2  -0.067215  0.058836 -0.198337  0.013712  0.070088  \n",
       "3   0.208568  0.007478 -0.043674  0.176703  0.330592  \n",
       "4  -0.065391  0.345607 -0.123625  0.242343  0.080059  \n",
       "5  -0.169549  0.097071  0.056847  0.255759  0.176096  \n",
       "6  -0.163305 -0.017294  0.108970  0.040945 -0.366050  \n",
       "7   1.000000 -0.175163 -0.039134 -0.211422  0.074590  \n",
       "8  -0.175163  1.000000  0.206925  0.349729 -0.029676  \n",
       "9  -0.039134  0.206925  1.000000 -0.065787 -0.330425  \n",
       "10 -0.211422  0.349729 -0.065787  1.000000  0.284179  \n",
       "11  0.074590 -0.029676 -0.330425  0.284179  1.000000  "
      ]
     },
     "execution_count": 71,
     "metadata": {},
     "output_type": "execute_result"
    }
   ],
   "source": [
    "df_brahms.corr()"
   ]
  },
  {
   "cell_type": "code",
   "execution_count": 72,
   "metadata": {},
   "outputs": [
    {
     "data": {
      "text/html": [
       "<div>\n",
       "<style scoped>\n",
       "    .dataframe tbody tr th:only-of-type {\n",
       "        vertical-align: middle;\n",
       "    }\n",
       "\n",
       "    .dataframe tbody tr th {\n",
       "        vertical-align: top;\n",
       "    }\n",
       "\n",
       "    .dataframe thead th {\n",
       "        text-align: right;\n",
       "    }\n",
       "</style>\n",
       "<table border=\"1\" class=\"dataframe\">\n",
       "  <thead>\n",
       "    <tr style=\"text-align: right;\">\n",
       "      <th></th>\n",
       "      <th>0</th>\n",
       "      <th>1</th>\n",
       "      <th>2</th>\n",
       "      <th>3</th>\n",
       "      <th>4</th>\n",
       "      <th>5</th>\n",
       "      <th>6</th>\n",
       "      <th>7</th>\n",
       "      <th>8</th>\n",
       "      <th>9</th>\n",
       "      <th>10</th>\n",
       "      <th>11</th>\n",
       "    </tr>\n",
       "  </thead>\n",
       "  <tbody>\n",
       "    <tr>\n",
       "      <th>0</th>\n",
       "      <td>1.000000</td>\n",
       "      <td>0.214980</td>\n",
       "      <td>0.274206</td>\n",
       "      <td>0.020274</td>\n",
       "      <td>0.166317</td>\n",
       "      <td>0.059842</td>\n",
       "      <td>0.004003</td>\n",
       "      <td>0.144944</td>\n",
       "      <td>0.128149</td>\n",
       "      <td>-0.039496</td>\n",
       "      <td>-0.237035</td>\n",
       "      <td>-0.034834</td>\n",
       "    </tr>\n",
       "    <tr>\n",
       "      <th>1</th>\n",
       "      <td>0.214980</td>\n",
       "      <td>1.000000</td>\n",
       "      <td>0.132971</td>\n",
       "      <td>0.037443</td>\n",
       "      <td>0.307614</td>\n",
       "      <td>0.064689</td>\n",
       "      <td>0.203422</td>\n",
       "      <td>0.122656</td>\n",
       "      <td>0.203345</td>\n",
       "      <td>-0.257086</td>\n",
       "      <td>-0.268709</td>\n",
       "      <td>0.015151</td>\n",
       "    </tr>\n",
       "    <tr>\n",
       "      <th>2</th>\n",
       "      <td>0.274206</td>\n",
       "      <td>0.132971</td>\n",
       "      <td>1.000000</td>\n",
       "      <td>0.251734</td>\n",
       "      <td>0.464942</td>\n",
       "      <td>0.402407</td>\n",
       "      <td>0.151840</td>\n",
       "      <td>0.331458</td>\n",
       "      <td>0.193292</td>\n",
       "      <td>-0.107045</td>\n",
       "      <td>-0.203406</td>\n",
       "      <td>0.017877</td>\n",
       "    </tr>\n",
       "    <tr>\n",
       "      <th>3</th>\n",
       "      <td>0.020274</td>\n",
       "      <td>0.037443</td>\n",
       "      <td>0.251734</td>\n",
       "      <td>1.000000</td>\n",
       "      <td>0.368053</td>\n",
       "      <td>0.161233</td>\n",
       "      <td>0.043090</td>\n",
       "      <td>0.147911</td>\n",
       "      <td>0.076857</td>\n",
       "      <td>0.161650</td>\n",
       "      <td>0.150554</td>\n",
       "      <td>0.026480</td>\n",
       "    </tr>\n",
       "    <tr>\n",
       "      <th>4</th>\n",
       "      <td>0.166317</td>\n",
       "      <td>0.307614</td>\n",
       "      <td>0.464942</td>\n",
       "      <td>0.368053</td>\n",
       "      <td>1.000000</td>\n",
       "      <td>0.239648</td>\n",
       "      <td>0.194923</td>\n",
       "      <td>0.315992</td>\n",
       "      <td>0.229278</td>\n",
       "      <td>0.022405</td>\n",
       "      <td>-0.043402</td>\n",
       "      <td>0.163367</td>\n",
       "    </tr>\n",
       "    <tr>\n",
       "      <th>5</th>\n",
       "      <td>0.059842</td>\n",
       "      <td>0.064689</td>\n",
       "      <td>0.402407</td>\n",
       "      <td>0.161233</td>\n",
       "      <td>0.239648</td>\n",
       "      <td>1.000000</td>\n",
       "      <td>0.289752</td>\n",
       "      <td>0.225164</td>\n",
       "      <td>0.222304</td>\n",
       "      <td>0.076007</td>\n",
       "      <td>-0.036402</td>\n",
       "      <td>0.161842</td>\n",
       "    </tr>\n",
       "    <tr>\n",
       "      <th>6</th>\n",
       "      <td>0.004003</td>\n",
       "      <td>0.203422</td>\n",
       "      <td>0.151840</td>\n",
       "      <td>0.043090</td>\n",
       "      <td>0.194923</td>\n",
       "      <td>0.289752</td>\n",
       "      <td>1.000000</td>\n",
       "      <td>0.296848</td>\n",
       "      <td>0.114118</td>\n",
       "      <td>0.041307</td>\n",
       "      <td>0.013074</td>\n",
       "      <td>0.191287</td>\n",
       "    </tr>\n",
       "    <tr>\n",
       "      <th>7</th>\n",
       "      <td>0.144944</td>\n",
       "      <td>0.122656</td>\n",
       "      <td>0.331458</td>\n",
       "      <td>0.147911</td>\n",
       "      <td>0.315992</td>\n",
       "      <td>0.225164</td>\n",
       "      <td>0.296848</td>\n",
       "      <td>1.000000</td>\n",
       "      <td>0.291156</td>\n",
       "      <td>0.049219</td>\n",
       "      <td>-0.075897</td>\n",
       "      <td>-0.051941</td>\n",
       "    </tr>\n",
       "    <tr>\n",
       "      <th>8</th>\n",
       "      <td>0.128149</td>\n",
       "      <td>0.203345</td>\n",
       "      <td>0.193292</td>\n",
       "      <td>0.076857</td>\n",
       "      <td>0.229278</td>\n",
       "      <td>0.222304</td>\n",
       "      <td>0.114118</td>\n",
       "      <td>0.291156</td>\n",
       "      <td>1.000000</td>\n",
       "      <td>0.200221</td>\n",
       "      <td>-0.102844</td>\n",
       "      <td>-0.006112</td>\n",
       "    </tr>\n",
       "    <tr>\n",
       "      <th>9</th>\n",
       "      <td>-0.039496</td>\n",
       "      <td>-0.257086</td>\n",
       "      <td>-0.107045</td>\n",
       "      <td>0.161650</td>\n",
       "      <td>0.022405</td>\n",
       "      <td>0.076007</td>\n",
       "      <td>0.041307</td>\n",
       "      <td>0.049219</td>\n",
       "      <td>0.200221</td>\n",
       "      <td>1.000000</td>\n",
       "      <td>0.593457</td>\n",
       "      <td>0.100744</td>\n",
       "    </tr>\n",
       "    <tr>\n",
       "      <th>10</th>\n",
       "      <td>-0.237035</td>\n",
       "      <td>-0.268709</td>\n",
       "      <td>-0.203406</td>\n",
       "      <td>0.150554</td>\n",
       "      <td>-0.043402</td>\n",
       "      <td>-0.036402</td>\n",
       "      <td>0.013074</td>\n",
       "      <td>-0.075897</td>\n",
       "      <td>-0.102844</td>\n",
       "      <td>0.593457</td>\n",
       "      <td>1.000000</td>\n",
       "      <td>0.384211</td>\n",
       "    </tr>\n",
       "    <tr>\n",
       "      <th>11</th>\n",
       "      <td>-0.034834</td>\n",
       "      <td>0.015151</td>\n",
       "      <td>0.017877</td>\n",
       "      <td>0.026480</td>\n",
       "      <td>0.163367</td>\n",
       "      <td>0.161842</td>\n",
       "      <td>0.191287</td>\n",
       "      <td>-0.051941</td>\n",
       "      <td>-0.006112</td>\n",
       "      <td>0.100744</td>\n",
       "      <td>0.384211</td>\n",
       "      <td>1.000000</td>\n",
       "    </tr>\n",
       "  </tbody>\n",
       "</table>\n",
       "</div>"
      ],
      "text/plain": [
       "          0         1         2         3         4         5         6   \\\n",
       "0   1.000000  0.214980  0.274206  0.020274  0.166317  0.059842  0.004003   \n",
       "1   0.214980  1.000000  0.132971  0.037443  0.307614  0.064689  0.203422   \n",
       "2   0.274206  0.132971  1.000000  0.251734  0.464942  0.402407  0.151840   \n",
       "3   0.020274  0.037443  0.251734  1.000000  0.368053  0.161233  0.043090   \n",
       "4   0.166317  0.307614  0.464942  0.368053  1.000000  0.239648  0.194923   \n",
       "5   0.059842  0.064689  0.402407  0.161233  0.239648  1.000000  0.289752   \n",
       "6   0.004003  0.203422  0.151840  0.043090  0.194923  0.289752  1.000000   \n",
       "7   0.144944  0.122656  0.331458  0.147911  0.315992  0.225164  0.296848   \n",
       "8   0.128149  0.203345  0.193292  0.076857  0.229278  0.222304  0.114118   \n",
       "9  -0.039496 -0.257086 -0.107045  0.161650  0.022405  0.076007  0.041307   \n",
       "10 -0.237035 -0.268709 -0.203406  0.150554 -0.043402 -0.036402  0.013074   \n",
       "11 -0.034834  0.015151  0.017877  0.026480  0.163367  0.161842  0.191287   \n",
       "\n",
       "          7         8         9         10        11  \n",
       "0   0.144944  0.128149 -0.039496 -0.237035 -0.034834  \n",
       "1   0.122656  0.203345 -0.257086 -0.268709  0.015151  \n",
       "2   0.331458  0.193292 -0.107045 -0.203406  0.017877  \n",
       "3   0.147911  0.076857  0.161650  0.150554  0.026480  \n",
       "4   0.315992  0.229278  0.022405 -0.043402  0.163367  \n",
       "5   0.225164  0.222304  0.076007 -0.036402  0.161842  \n",
       "6   0.296848  0.114118  0.041307  0.013074  0.191287  \n",
       "7   1.000000  0.291156  0.049219 -0.075897 -0.051941  \n",
       "8   0.291156  1.000000  0.200221 -0.102844 -0.006112  \n",
       "9   0.049219  0.200221  1.000000  0.593457  0.100744  \n",
       "10 -0.075897 -0.102844  0.593457  1.000000  0.384211  \n",
       "11 -0.051941 -0.006112  0.100744  0.384211  1.000000  "
      ]
     },
     "execution_count": 72,
     "metadata": {},
     "output_type": "execute_result"
    }
   ],
   "source": [
    "df_busta.corr()"
   ]
  },
  {
   "cell_type": "code",
   "execution_count": null,
   "metadata": {},
   "outputs": [],
   "source": []
  }
 ],
 "metadata": {
  "kernelspec": {
   "display_name": "Python 3",
   "language": "python",
   "name": "python3"
  },
  "language_info": {
   "codemirror_mode": {
    "name": "ipython",
    "version": 3
   },
   "file_extension": ".py",
   "mimetype": "text/x-python",
   "name": "python",
   "nbconvert_exporter": "python",
   "pygments_lexer": "ipython3",
   "version": "3.6.4"
  }
 },
 "nbformat": 4,
 "nbformat_minor": 2
}
